0
BaseType
1
2
209
3
263
4
313
5
1
6
7
234
8
313
9
313
10
1
11
12
50
13
100
14
0
15
1
16
17
25
18
50
19
0
20
1
21
22
1
23
1
24
1
25
1
26
0
27
0
28
0
29
0
30
0
31
50
32
100
33
0
34
35
0
36
0
37
0
38
1
4
39
40
0
41
0
42
0
43
1
44
45
0
46
0
47
0
48
1
49
50
0
51
0
52
0
53
1
54
55
0
56
0
57
0
58
1
1
59
60
0
61
0
62
0
63
1
4
64
65
0
66
0
67
0
68
1
69
70
0
71
0
72
0
73
1
74
75
0
76
0
77
0
78
1
79
80
0
81
0
82
0
83
1
1
84
85
0
86
0
87
0
88
1
89
90
91
1
92
0
93
0
94
209
95
0
96
1
97
0
98
263
99
0
100
0
101
1
102
313
103
0
104
0
105
0
106
1
107
108
234
109
313
110
313
111
1
112
113
1
114
1
115
1
116
1
117
0
118
119
25
120
50
121
0
122
1
-1
123
425
0
124
6
125
9
126
E
127
_
128
M
129
O
130
N
131
S
132
T
133
E
134
R
-1
135
136
0
137
0
138
0
139
1
140
141
1
142
1
143
1
144
1
145
146
0
147
0
148
0
149
1
150
0
151
152
0
153
0
154
1
155
1
0
156
0
157
7
158
M
159
a
160
p
161
T
162
e
163
s
164
t
165
1
166
0.0001
0
167
10
168
50
169
1
170
1
171
1
172
1
173
0
6
174
175
100
176
200
177
0
178
1
179
180
100
181
400
182
0
183
1
184
185
300
186
400
187
0
188
1
189
190
100
191
400
192
0
193
1
194
195
100
196
200
197
0
198
1
199
200
300
201
400
202
0
203
1
2
204
205
0
206
0
207
-1
208
1
209
210
-0
211
0
212
1
213
1
6
214
215
-1
216
0
217
0
218
1
219
220
-0
221
1
222
0
223
1
224
225
0.707107
226
-0.707107
227
-0
228
1
229
230
-1
231
-0
232
0
233
1
234
235
0.707107
236
-0.707107
237
0
238
1
239
240
-0
241
1
242
-0
243
1
6
244
245
100
246
300
247
0
248
1
249
250
200
251
400
252
0
253
1
254
255
200
256
300
257
0
258
1
259
260
100
261
300
262
0
263
1
264
265
200
266
300
267
0
268
1
269
270
200
271
400
272
0
273
1
2
274
275
166.667
276
333.333
277
0
278
1
279
280
166.667
281
333.333
282
0
283
1
284
285
166.667
286
333.333
287
0
288
0.166667
289
290
200
291
200
292
0
293
1
