0
N6sorrok4HeroE
1
2
-25
3
250
4
300
5
1
6
7
0
8
300
9
300
10
1
11
12
50
13
100
14
0
15
1
16
17
25
18
50
19
0
20
1
21
22
1
23
1
24
1
25
1
26
0
27
0
28
0
29
0
30
0
31
50
32
100
33
0
34
35
0
36
0
37
0
38
1
4
39
40
0
41
0
42
0
43
1
44
45
0
46
0
47
0
48
1
49
50
0
51
0
52
0
53
1
54
55
0
56
0
57
0
58
1
1
59
60
0
61
0
62
0
63
1
4
64
65
0
66
0
67
0
68
1
69
70
0
71
0
72
0
73
1
74
75
0
76
0
77
0
78
1
79
80
0
81
0
82
0
83
1
1
84
85
0
86
0
87
0
88
1
89
90
91
1
92
0
93
0
94
-25
95
0
96
1
97
0
98
250
99
0
100
0
101
1
102
300
103
0
104
0
105
0
106
1
107
108
0
109
300
110
300
111
1
112
113
1
114
1
115
1
116
1
117
0
118
119
25
120
50
121
0
122
1
-1
123
422
0
124
5
125
6
126
E
127
_
128
H
129
E
130
R
131
O
132
N6odfaeg6physic11BoundingBoxE
0
133
-25
134
290
135
0
136
50
137
25
138
0
139
140
0
141
302.5
142
0
143
2
4
144
145
0
146
290
147
0
148
1
149
150
25
151
302.5
152
0
153
1
154
155
0
156
315
157
0
158
1
159
160
-25
161
302.5
162
0
163
1
1
164
165
0
166
302.5
167
0
168
2
4
169
170
-0
171
-1
172
-0
173
1
174
175
1
176
-0
177
-0
178
1
179
180
-0
181
1
182
-0
183
1
184
185
-1
186
0
187
0
188
1
1
189
190
0
191
0
192
1
193
1
133
134
0
135
0
136
0
137
1
138
139
1
140
1
141
1
142
1
143
144
0
145
0
146
0
147
1
148
0
149
150
0
151
0
152
1
153
1
0
154
0
155
6
156
N
157
o
158
v
159
i
160
c
161
e
162
1
163
0.0001
0
164
10
165
50
166
1
167
1
168
1
169
1
170
6
171
S
172
o
173
r
174
r
175
o
176
k
177
1
178
M
179
5
180
B
181
r
182
a
183
i
184
n
185
5
186
G
187
r
188
e
189
e
190
n
191
5
192
W
193
h
194
i
195
t
196
e
197
6
198
N
199
o
200
r
201
m
202
a
203
l
204
0
205
1500
